G3dErrFileVersion 2018P3.1
FlagFileMetaData Begin
   Mesh Size - Setup1, Refinement, Pass #1, Freq. 1.000000e+09 :Title    
   Listing of mesh elements with poor quality. :ToolTip  
   hf3d :Author   
   1755701846 :TimeStamp
FlagFileMetaData End
BEGIN_ERR 
26 Small mesh segment detected on body : RadiatingSurface
 Small mesh segment detected on body : RadiatingSurface 
 Segment Statistics - Number of Segments : 1 --- Segment length(s) : 40.000000mm. The cutoff frequency for S-Matrix Only Solve is 2.49827048333333MHz 
3 -1  273  277  # nfids, fids[]
2 271  -1  # nbids, bids[]
      5 2 1 0 #ntets ntri ned npts
           1.1000000000000001e+02   0.0000000000000000e+00  -1.1600000000000001e+01 #xyz tv0
           1.0000000000000000e+02   4.0000000000000000e+01   0.0000000000000000e+00 #xyz tv1
           1.1000000000000001e+02   4.0000000000000000e+01  -1.1600000000000001e+01 #xyz tv2
           1.1000000000000001e+02   4.0000000000000000e+01  -3.7000000000000002e+00 -1 271 #xyz tv3 fid bid
           1.1000000000000001e+02   0.0000000000000000e+00  -1.1600000000000001e+01 #xyz tv0
           1.1600000000000003e+02   4.2000000000000000e+01  -1.5142857142857146e+01 #xyz tv1
           1.1000000000000001e+02   4.0000000000000000e+01  -3.7000000000000002e+00 #xyz tv2
           1.1000000000000001e+02   4.0000000000000000e+01  -1.1600000000000001e+01 -1 271 #xyz tv3 fid bid
           1.1000000000000001e+02   4.0000000000000000e+01  -1.1600000000000001e+01 #xyz tv0
           1.1000000000000001e+02   0.0000000000000000e+00  -1.1600000000000001e+01 #xyz tv1
           5.8533486511202554e+01   2.1930041152263378e+01   0.0000000000000000e+00 #xyz tv2
           1.0000000000000000e+02   4.0000000000000000e+01   0.0000000000000000e+00 -1 271 #xyz tv3 fid bid
           1.1600000000000003e+02   4.2000000000000000e+01  -1.5142857142857146e+01 #xyz tv0
           5.0000000000000007e+01   0.0000000000000000e+00  -1.1600000000000001e+01 #xyz tv1
           1.1000000000000001e+02   4.0000000000000000e+01  -1.1600000000000001e+01 #xyz tv2
           1.1000000000000001e+02   0.0000000000000000e+00  -1.1600000000000001e+01 -1 271 #xyz tv3 fid bid
           5.0000000000000007e+01   0.0000000000000000e+00  -1.1600000000000001e+01 #xyz tv0
           5.8533486511202554e+01   2.1930041152263378e+01   0.0000000000000000e+00 #xyz tv1
           1.1000000000000001e+02   4.0000000000000000e+01  -1.1600000000000001e+01 #xyz tv2
           1.1000000000000001e+02   0.0000000000000000e+00  -1.1600000000000001e+01 -1 271 #xyz tv3 fid bid
           5.0000000000000007e+01   0.0000000000000000e+00  -1.1600000000000001e+01 #xyz tv0
           1.1000000000000001e+02   4.0000000000000000e+01  -1.1600000000000001e+01 #xyz tv1
           1.1000000000000001e+02   0.0000000000000000e+00  -1.1600000000000001e+01 273 -1 #xyz tv2 fid bid
           1.1000000000000001e+02   0.0000000000000000e+00  -1.1600000000000001e+01 #xyz tv0
           1.1000000000000001e+02   4.0000000000000000e+01  -1.1600000000000001e+01 #xyz tv1
           1.1000000000000001e+02   4.0000000000000000e+01  -3.7000000000000002e+00 277 -1 #xyz tv2 fid bid
           1.1000000000000001e+02   4.0000000000000000e+01  -1.1600000000000001e+01 #xyz ev0
           1.1000000000000001e+02   0.0000000000000000e+00  -1.1600000000000001e+01 -1 271 #xyz ev1 fid bid
   0   0.000000000000e+00   0.000000000000e+00   0.000000000000e+00 #flag location
END_ERR 
G3dErrFileVersion 2018P3.1
FlagFileMetaData Begin
   Mesh Size - Setup1, Refinement, Pass #2, Freq. 1.000000e+09 :Title    
   Listing of mesh elements with poor quality. :ToolTip  
   hf3d :Author   
   1755701854 :TimeStamp
FlagFileMetaData End
BEGIN_ERR 
26 Small mesh segment detected on body : RadiatingSurface
 Small mesh segment detected on body : RadiatingSurface 
 Segment Statistics - Number of Segments : 1 --- Segment length(s) : 33.294048mm. The cutoff frequency for S-Matrix Only Solve is 2.49827048333333MHz 
2 -1  273  # nfids, fids[]
2 271  -1  # nbids, bids[]
      4 2 1 0 #ntets ntri ned npts
           2.0000000000000004e+01   4.0000000000000000e+01  -1.1600000000000001e+01 #xyz tv0
           4.7999999999999998e+00   4.0000000000000000e+01  -1.6000000000000001e+00 #xyz tv1
           1.7195767195767207e+01   2.0793650793650791e+01  -1.1600000000000001e+01 #xyz tv2
          -1.0000000000000000e+01   4.0000000000000000e+01  -1.1600000000000001e+01 -1 271 #xyz tv3 fid bid
          -1.0000000000000000e+01   2.0000000000000000e+01  -1.1600000000000001e+01 #xyz tv0
           1.7195767195767207e+01   2.0793650793650791e+01  -1.1600000000000001e+01 #xyz tv1
           4.7999999999999998e+00   4.0000000000000000e+01  -1.6000000000000001e+00 #xyz tv2
          -1.0000000000000000e+01   4.0000000000000000e+01  -1.1600000000000001e+01 -1 271 #xyz tv3 fid bid
           2.0000000000000004e+01   4.0000000000000000e+01  -1.1600000000000001e+01 #xyz tv0
           1.7195767195767207e+01   2.0793650793650791e+01  -1.1600000000000001e+01 #xyz tv1
          -1.6000000000000007e+01   4.2000000000000000e+01  -1.5142857142857146e+01 #xyz tv2
          -1.0000000000000000e+01   4.0000000000000000e+01  -1.1600000000000001e+01 -1 271 #xyz tv3 fid bid
          -1.6000000000000007e+01   4.2000000000000000e+01  -1.5142857142857146e+01 #xyz tv0
           1.7195767195767207e+01   2.0793650793650791e+01  -1.1600000000000001e+01 #xyz tv1
          -1.0000000000000000e+01   2.0000000000000000e+01  -1.1600000000000001e+01 #xyz tv2
          -1.0000000000000000e+01   4.0000000000000000e+01  -1.1600000000000001e+01 -1 271 #xyz tv3 fid bid
          -1.0000000000000000e+01   2.0000000000000000e+01  -1.1600000000000001e+01 #xyz tv0
          -1.0000000000000000e+01   4.0000000000000000e+01  -1.1600000000000001e+01 #xyz tv1
           1.7195767195767207e+01   2.0793650793650791e+01  -1.1600000000000001e+01 273 -1 #xyz tv2 fid bid
           2.0000000000000004e+01   4.0000000000000000e+01  -1.1600000000000001e+01 #xyz tv0
           1.7195767195767207e+01   2.0793650793650791e+01  -1.1600000000000001e+01 #xyz tv1
          -1.0000000000000000e+01   4.0000000000000000e+01  -1.1600000000000001e+01 273 -1 #xyz tv2 fid bid
          -1.0000000000000000e+01   4.0000000000000000e+01  -1.1600000000000001e+01 #xyz ev0
           1.7195767195767207e+01   2.0793650793650791e+01  -1.1600000000000001e+01 -1 271 #xyz ev1 fid bid
   0   0.000000000000e+00   0.000000000000e+00   0.000000000000e+00 #flag location
END_ERR 
G3dErrFileVersion 2018P3.1
FlagFileMetaData Begin
   Mesh Size - Setup1, Refinement, Pass #3, Freq. 1.000000e+09 :Title    
   Listing of mesh elements with poor quality. :ToolTip  
   hf3d :Author   
   1755701863 :TimeStamp
FlagFileMetaData End
BEGIN_ERR 
26 Small mesh segment detected on body : RadiatingSurface
 Small mesh segment detected on body : RadiatingSurface 
 Segment Statistics - Number of Segments : 1 --- Segment length(s) : 33.294048mm. The cutoff frequency for S-Matrix Only Solve is 2.49827048333333MHz 
2 -1  273  # nfids, fids[]
2 271  -1  # nbids, bids[]
      4 2 1 0 #ntets ntri ned npts
           2.0000000000000004e+01   4.0000000000000000e+01  -1.1600000000000001e+01 #xyz tv0
           4.7999999999999998e+00   4.0000000000000000e+01  -1.6000000000000001e+00 #xyz tv1
           1.7195767195767210e+01   2.0793650793650791e+01  -1.1600000000000001e+01 #xyz tv2
          -1.0000000000000000e+01   4.0000000000000000e+01  -1.1600000000000001e+01 -1 271 #xyz tv3 fid bid
          -1.0000000000000000e+01   2.0000000000000000e+01  -1.1600000000000001e+01 #xyz tv0
           1.7195767195767210e+01   2.0793650793650791e+01  -1.1600000000000001e+01 #xyz tv1
           4.7999999999999998e+00   4.0000000000000000e+01  -1.6000000000000001e+00 #xyz tv2
          -1.0000000000000000e+01   4.0000000000000000e+01  -1.1600000000000001e+01 -1 271 #xyz tv3 fid bid
           2.0000000000000004e+01   4.0000000000000000e+01  -1.1600000000000001e+01 #xyz tv0
           1.7195767195767210e+01   2.0793650793650791e+01  -1.1600000000000001e+01 #xyz tv1
          -1.6000000000000007e+01   4.2000000000000000e+01  -1.5142857142857146e+01 #xyz tv2
          -1.0000000000000000e+01   4.0000000000000000e+01  -1.1600000000000001e+01 -1 271 #xyz tv3 fid bid
          -1.6000000000000007e+01   4.2000000000000000e+01  -1.5142857142857146e+01 #xyz tv0
           1.7195767195767210e+01   2.0793650793650791e+01  -1.1600000000000001e+01 #xyz tv1
          -1.0000000000000000e+01   2.0000000000000000e+01  -1.1600000000000001e+01 #xyz tv2
          -1.0000000000000000e+01   4.0000000000000000e+01  -1.1600000000000001e+01 -1 271 #xyz tv3 fid bid
          -1.0000000000000000e+01   2.0000000000000000e+01  -1.1600000000000001e+01 #xyz tv0
          -1.0000000000000000e+01   4.0000000000000000e+01  -1.1600000000000001e+01 #xyz tv1
           1.7195767195767210e+01   2.0793650793650791e+01  -1.1600000000000001e+01 273 -1 #xyz tv2 fid bid
           2.0000000000000004e+01   4.0000000000000000e+01  -1.1600000000000001e+01 #xyz tv0
           1.7195767195767210e+01   2.0793650793650791e+01  -1.1600000000000001e+01 #xyz tv1
          -1.0000000000000000e+01   4.0000000000000000e+01  -1.1600000000000001e+01 273 -1 #xyz tv2 fid bid
          -1.0000000000000000e+01   4.0000000000000000e+01  -1.1600000000000001e+01 #xyz ev0
           1.7195767195767210e+01   2.0793650793650791e+01  -1.1600000000000001e+01 -1 271 #xyz ev1 fid bid
   0   0.000000000000e+00   0.000000000000e+00   0.000000000000e+00 #flag location
END_ERR 
G3dErrFileVersion 2018P3.1
FlagFileMetaData Begin
   Mesh Size - Setup1, Refinement, Pass #4, Freq. 1.000000e+09 :Title    
   Listing of mesh elements with poor quality. :ToolTip  
   hf3d :Author   
   1755701872 :TimeStamp
FlagFileMetaData End
BEGIN_ERR 
26 Small mesh segment detected on body : RadiatingSurface
 Small mesh segment detected on body : RadiatingSurface 
 Segment Statistics - Number of Segments : 1 --- Segment length(s) : 33.294048mm. The cutoff frequency for S-Matrix Only Solve is 2.49827048333333MHz 
2 -1  273  # nfids, fids[]
2 271  -1  # nbids, bids[]
      4 2 1 0 #ntets ntri ned npts
           2.0000000000000004e+01   4.0000000000000000e+01  -1.1600000000000001e+01 #xyz tv0
           4.7999999999999998e+00   4.0000000000000000e+01  -1.6000000000000001e+00 #xyz tv1
           1.7195767195767210e+01   2.0793650793650791e+01  -1.1600000000000001e+01 #xyz tv2
          -1.0000000000000000e+01   4.0000000000000000e+01  -1.1600000000000001e+01 -1 271 #xyz tv3 fid bid
          -1.0000000000000000e+01   2.0000000000000000e+01  -1.1600000000000001e+01 #xyz tv0
           1.7195767195767210e+01   2.0793650793650791e+01  -1.1600000000000001e+01 #xyz tv1
           4.7999999999999998e+00   4.0000000000000000e+01  -1.6000000000000001e+00 #xyz tv2
          -1.0000000000000000e+01   4.0000000000000000e+01  -1.1600000000000001e+01 -1 271 #xyz tv3 fid bid
           2.0000000000000004e+01   4.0000000000000000e+01  -1.1600000000000001e+01 #xyz tv0
           1.7195767195767210e+01   2.0793650793650791e+01  -1.1600000000000001e+01 #xyz tv1
          -1.6000000000000007e+01   4.2000000000000000e+01  -1.5142857142857146e+01 #xyz tv2
          -1.0000000000000000e+01   4.0000000000000000e+01  -1.1600000000000001e+01 -1 271 #xyz tv3 fid bid
          -1.6000000000000007e+01   4.2000000000000000e+01  -1.5142857142857146e+01 #xyz tv0
           1.7195767195767210e+01   2.0793650793650791e+01  -1.1600000000000001e+01 #xyz tv1
          -1.0000000000000000e+01   2.0000000000000000e+01  -1.1600000000000001e+01 #xyz tv2
          -1.0000000000000000e+01   4.0000000000000000e+01  -1.1600000000000001e+01 -1 271 #xyz tv3 fid bid
          -1.0000000000000000e+01   2.0000000000000000e+01  -1.1600000000000001e+01 #xyz tv0
          -1.0000000000000000e+01   4.0000000000000000e+01  -1.1600000000000001e+01 #xyz tv1
           1.7195767195767210e+01   2.0793650793650791e+01  -1.1600000000000001e+01 273 -1 #xyz tv2 fid bid
           2.0000000000000004e+01   4.0000000000000000e+01  -1.1600000000000001e+01 #xyz tv0
           1.7195767195767210e+01   2.0793650793650791e+01  -1.1600000000000001e+01 #xyz tv1
          -1.0000000000000000e+01   4.0000000000000000e+01  -1.1600000000000001e+01 273 -1 #xyz tv2 fid bid
          -1.0000000000000000e+01   4.0000000000000000e+01  -1.1600000000000001e+01 #xyz ev0
           1.7195767195767210e+01   2.0793650793650791e+01  -1.1600000000000001e+01 -1 271 #xyz ev1 fid bid
   0   0.000000000000e+00   0.000000000000e+00   0.000000000000e+00 #flag location
END_ERR 
G3dErrFileVersion 2018P3.1
FlagFileMetaData Begin
   Mesh Size - Setup1, Refinement, Pass #5, Freq. 1.000000e+09 :Title    
   Listing of mesh elements with poor quality. :ToolTip  
   hf3d :Author   
   1755701883 :TimeStamp
FlagFileMetaData End
BEGIN_ERR 
26 Small mesh segment detected on body : Substart
 Small mesh segment detected on body : Substart 
 Segment Statistics - Number of Segments : 1 --- Segment length(s) : 6.956577mm. The cutoff frequency for S-Matrix Only Solve is 2.49827048333333MHz 
2 -1  8  # nfids, fids[]
2 6  -1  # nbids, bids[]
      6 2 1 0 #ntets ntri ned npts
           7.4812500000000011e+00   8.8210558743516910e-16   0.0000000000000000e+00 #xyz tv0
           1.0371058321646583e+01   5.8722832342569067e+00   4.7096145098664471e-01 #xyz tv1
           8.3495989267659958e+00   6.9021683353850669e+00   0.0000000000000000e+00 #xyz tv2
           8.5699830293655417e+00   9.2685549562021177e-16   0.0000000000000000e+00 -1 6 #xyz tv3 fid bid
           7.4812500000000011e+00   8.8210558743516910e-16   0.0000000000000000e+00 #xyz tv0
           8.3495989267659958e+00   6.9021683353850669e+00   0.0000000000000000e+00 #xyz tv1
           8.4328795507550254e+00   3.6176187323562339e-16  -1.6000000000000001e+00 #xyz tv2
           8.5699830293655417e+00   9.2685549562021177e-16   0.0000000000000000e+00 -1 6 #xyz tv3 fid bid
           7.4812500000000011e+00   8.8210558743516910e-16   0.0000000000000000e+00 #xyz tv0
           8.3495989267659958e+00   6.9021683353850669e+00   0.0000000000000000e+00 #xyz tv1
           1.0371058321646583e+01   5.8722832342569067e+00   4.7096145098664471e-01 #xyz tv2
           9.4578410411486828e+00   7.2719556257726934e+00   6.6163504464285716e-01 -1 6 #xyz tv3 fid bid
           7.4812500000000011e+00   8.8210558743516910e-16   0.0000000000000000e+00 #xyz tv0
           8.4328795507550254e+00   3.6176187323562339e-16  -1.6000000000000001e+00 #xyz tv1
           8.3495989267659958e+00   6.9021683353850669e+00   0.0000000000000000e+00 #xyz tv2
           6.7115120440721530e+00   1.9034822600498271e-16  -1.6000000000000001e+00 -1 6 #xyz tv3 fid bid
           4.7999999999999998e+00   7.7189887184478494e-16   0.0000000000000000e+00 #xyz tv0
           9.4578410411486828e+00   7.2719556257726934e+00   6.6163504464285716e-01 #xyz tv1
           8.3495989267659958e+00   6.9021683353850669e+00   0.0000000000000000e+00 #xyz tv2
           7.4812500000000011e+00   8.8210558743516910e-16   0.0000000000000000e+00 -1 6 #xyz tv3 fid bid
           4.7999999999999998e+00   7.7189887184478494e-16   0.0000000000000000e+00 #xyz tv0
           8.3495989267659958e+00   6.9021683353850669e+00   0.0000000000000000e+00 #xyz tv1
           6.7115120440721530e+00   1.9034822600498271e-16  -1.6000000000000001e+00 #xyz tv2
           7.4812500000000011e+00   8.8210558743516910e-16   0.0000000000000000e+00 -1 6 #xyz tv3 fid bid
           8.3495989267659958e+00   6.9021683353850669e+00   0.0000000000000000e+00 #xyz tv0
           7.4812500000000011e+00   8.8210558743516910e-16   0.0000000000000000e+00 #xyz tv1
           4.7999999999999998e+00   7.7189887184478494e-16   0.0000000000000000e+00 8 -1 #xyz tv2 fid bid
           8.3495989267659958e+00   6.9021683353850669e+00   0.0000000000000000e+00 #xyz tv0
           8.5699830293655417e+00   9.2685549562021177e-16   0.0000000000000000e+00 #xyz tv1
           7.4812500000000011e+00   8.8210558743516910e-16   0.0000000000000000e+00 8 -1 #xyz tv2 fid bid
           8.3495989267659958e+00   6.9021683353850669e+00   0.0000000000000000e+00 #xyz ev0
           7.4812500000000011e+00   8.8210558743516910e-16   0.0000000000000000e+00 -1 6 #xyz ev1 fid bid
   0   0.000000000000e+00   0.000000000000e+00   0.000000000000e+00 #flag location
END_ERR 
G3dErrFileVersion 2018P3.1
FlagFileMetaData Begin
   Mesh Size - Setup1, Refinement, Pass #6, Freq. 1.000000e+09 :Title    
   Listing of mesh elements with poor quality. :ToolTip  
   hf3d :Author   
   1755701894 :TimeStamp
FlagFileMetaData End
BEGIN_ERR 
26 Small mesh segment detected on body : Substart
 Small mesh segment detected on body : Substart 
 Segment Statistics - Number of Segments : 1 --- Segment length(s) : 7.056043mm. The cutoff frequency for S-Matrix Only Solve is 2.49827048333333MHz 
2 -1  8  # nfids, fids[]
2 6  -1  # nbids, bids[]
      6 2 1 0 #ntets ntri ned npts
           6.8840561360120800e+00   8.5755928465816616e-16   0.0000000000000000e+00 #xyz tv0
           1.0371058321646583e+01   5.8722832342569067e+00   4.7096145098664471e-01 #xyz tv1
           8.3495989267659958e+00   6.9021683353850669e+00   0.0000000000000000e+00 #xyz tv2
           8.5699830293655417e+00   9.2685549562021177e-16   0.0000000000000000e+00 -1 6 #xyz tv3 fid bid
           6.8840561360120800e+00   8.5755928465816616e-16   0.0000000000000000e+00 #xyz tv0
           8.3495989267659958e+00   6.9021683353850669e+00   0.0000000000000000e+00 #xyz tv1
           8.3239331227960083e+00   3.5091299610932482e-16  -1.6000000000000001e+00 #xyz tv2
           8.5699830293655417e+00   9.2685549562021177e-16   0.0000000000000000e+00 -1 6 #xyz tv3 fid bid
           6.8840561360120800e+00   8.5755928465816616e-16   0.0000000000000000e+00 #xyz tv0
           8.3495989267659958e+00   6.9021683353850669e+00   0.0000000000000000e+00 #xyz tv1
           1.0371058321646583e+01   5.8722832342569067e+00   4.7096145098664471e-01 #xyz tv2
           9.4578410411486828e+00   7.2719556257726934e+00   6.6163504464285716e-01 -1 6 #xyz tv3 fid bid
           6.8840561360120800e+00   8.5755928465816616e-16   0.0000000000000000e+00 #xyz tv0
           8.3239331227960083e+00   3.5091299610932482e-16  -1.6000000000000001e+00 #xyz tv1
           8.3495989267659958e+00   6.9021683353850669e+00   0.0000000000000000e+00 #xyz tv2
           6.6252441794145875e+00   1.8175767851158394e-16  -1.6000000000000001e+00 -1 6 #xyz tv3 fid bid
           4.7999999999999998e+00   7.7189887184478494e-16   0.0000000000000000e+00 #xyz tv0
           9.4578410411486828e+00   7.2719556257726934e+00   6.6163504464285716e-01 #xyz tv1
           8.3495989267659958e+00   6.9021683353850669e+00   0.0000000000000000e+00 #xyz tv2
           6.8840561360120800e+00   8.5755928465816616e-16   0.0000000000000000e+00 -1 6 #xyz tv3 fid bid
           4.7999999999999998e+00   7.7189887184478494e-16   0.0000000000000000e+00 #xyz tv0
           8.3495989267659958e+00   6.9021683353850669e+00   0.0000000000000000e+00 #xyz tv1
           6.6252441794145875e+00   1.8175767851158394e-16  -1.6000000000000001e+00 #xyz tv2
           6.8840561360120800e+00   8.5755928465816616e-16   0.0000000000000000e+00 -1 6 #xyz tv3 fid bid
           8.3495989267659958e+00   6.9021683353850669e+00   0.0000000000000000e+00 #xyz tv0
           6.8840561360120800e+00   8.5755928465816616e-16   0.0000000000000000e+00 #xyz tv1
           4.7999999999999998e+00   7.7189887184478494e-16   0.0000000000000000e+00 8 -1 #xyz tv2 fid bid
           8.3495989267659958e+00   6.9021683353850669e+00   0.0000000000000000e+00 #xyz tv0
           8.5699830293655417e+00   9.2685549562021177e-16   0.0000000000000000e+00 #xyz tv1
           6.8840561360120800e+00   8.5755928465816616e-16   0.0000000000000000e+00 8 -1 #xyz tv2 fid bid
           8.3495989267659958e+00   6.9021683353850669e+00   0.0000000000000000e+00 #xyz ev0
           6.8840561360120800e+00   8.5755928465816616e-16   0.0000000000000000e+00 -1 6 #xyz ev1 fid bid
   0   0.000000000000e+00   0.000000000000e+00   0.000000000000e+00 #flag location
END_ERR 
